246 lines : Be mass attenuation coefficient from NIST XCOM (1-100 keV)
8 columns : Photon Energy (keV), Coherent Scattering (cm^2/g), Incoherent Scattering (cm^2/g), Photoelectric Absorption (cm^2/g), Pair Production in Nuclear Field (cm^2/g), Pair Production in Electronic Field (cm^2/g), TOTAL w/ Coherent Scattering (cm^2/g), TOTAL w/o Coherent Scattering (cm^2/g)
1.000E-03 5.918E-01 2.091E-02 6.035E+02 0.000E+00 0.000E+00 6.042E+02 6.036E+02 
1.006E-03 5.905E-01 2.110E-02 5.929E+02 0.000E+00 0.000E+00 5.935E+02 5.929E+02 
1.006E-03 5.905E-01 2.110E-02 5.929E+02 0.000E+00 0.000E+00 5.935E+02 5.929E+02 
1.500E-03 4.948E-01 3.792E-02 1.792E+02 0.000E+00 0.000E+00 1.797E+02 1.792E+02 
1.560E-03 4.839E-01 3.989E-02 1.590E+02 0.000E+00 0.000E+00 1.596E+02 1.591E+02 
1.560E-03 4.839E-01 3.989E-02 1.590E+02 0.000E+00 0.000E+00 1.596E+02 1.591E+02 
1.735E-03 4.530E-01 4.535E-02 1.150E+02 0.000E+00 0.000E+00 1.155E+02 1.150E+02 
1.735E-03 4.530E-01 4.535E-02 1.150E+02 0.000E+00 0.000E+00 1.155E+02 1.150E+02 
1.764E-03 4.481E-01 4.622E-02 1.093E+02 0.000E+00 0.000E+00 1.098E+02 1.093E+02 
1.793E-03 4.432E-01 4.707E-02 1.039E+02 0.000E+00 0.000E+00 1.044E+02 1.040E+02 
1.793E-03 4.432E-01 4.707E-02 1.039E+02 0.000E+00 0.000E+00 1.044E+02 1.040E+02 
1.839E-03 4.356E-01 4.840E-02 9.616E+01 0.000E+00 0.000E+00 9.665E+01 9.621E+01 
1.839E-03 4.356E-01 4.840E-02 9.616E+01 0.000E+00 0.000E+00 9.665E+01 9.621E+01 
2.000E-03 4.103E-01 5.284E-02 7.424E+01 0.000E+00 0.000E+00 7.470E+01 7.429E+01 
2.194E-03 3.826E-01 5.772E-02 5.572E+01 0.000E+00 0.000E+00 5.616E+01 5.578E+01 
2.194E-03 3.826E-01 5.772E-02 5.572E+01 0.000E+00 0.000E+00 5.616E+01 5.578E+01 
2.327E-03 3.653E-01 6.080E-02 4.640E+01 0.000E+00 0.000E+00 4.682E+01 4.646E+01 
2.469E-03 3.483E-01 6.386E-02 3.856E+01 0.000E+00 0.000E+00 3.898E+01 3.863E+01 
2.469E-03 3.483E-01 6.386E-02 3.856E+01 0.000E+00 0.000E+00 3.898E+01 3.863E+01 
2.500E-03 3.447E-01 6.450E-02 3.709E+01 0.000E+00 0.000E+00 3.750E+01 3.715E+01 
2.708E-03 3.227E-01 6.853E-02 2.886E+01 0.000E+00 0.000E+00 2.926E+01 2.893E+01 
2.708E-03 3.227E-01 6.853E-02 2.886E+01 0.000E+00 0.000E+00 2.926E+01 2.893E+01 
3.000E-03 2.962E-01 7.350E-02 2.090E+01 0.000E+00 0.000E+00 2.127E+01 2.098E+01 
3.203E-03 2.802E-01 7.655E-02 1.699E+01 0.000E+00 0.000E+00 1.735E+01 1.707E+01 
3.203E-03 2.802E-01 7.655E-02 1.699E+01 0.000E+00 0.000E+00 1.735E+01 1.707E+01 
3.500E-03 2.599E-01 8.053E-02 1.282E+01 0.000E+00 0.000E+00 1.316E+01 1.290E+01 
3.537E-03 2.576E-01 8.099E-02 1.239E+01 0.000E+00 0.000E+00 1.273E+01 1.248E+01 
3.537E-03 2.576E-01 8.099E-02 1.239E+01 0.000E+00 0.000E+00 1.273E+01 1.248E+01 
3.631E-03 2.519E-01 8.213E-02 1.140E+01 0.000E+00 0.000E+00 1.173E+01 1.148E+01 
3.727E-03 2.464E-01 8.326E-02 1.049E+01 0.000E+00 0.000E+00 1.082E+01 1.057E+01 
3.727E-03 2.464E-01 8.326E-02 1.049E+01 0.000E+00 0.000E+00 1.082E+01 1.057E+01 
4.000E-03 2.321E-01 8.627E-02 8.366E+00 0.000E+00 0.000E+00 8.685E+00 8.452E+00 
4.018E-03 2.313E-01 8.646E-02 8.247E+00 0.000E+00 0.000E+00 8.564E+00 8.333E+00 
4.018E-03 2.313E-01 8.646E-02 8.247E+00 0.000E+00 0.000E+00 8.564E+00 8.333E+00 
4.177E-03 2.238E-01 8.809E-02 7.282E+00 0.000E+00 0.000E+00 7.594E+00 7.370E+00 
4.341E-03 2.167E-01 8.970E-02 6.435E+00 0.000E+00 0.000E+00 6.741E+00 6.525E+00 
4.341E-03 2.167E-01 8.970E-02 6.435E+00 0.000E+00 0.000E+00 6.741E+00 6.525E+00 
4.500E-03 2.103E-01 9.121E-02 5.732E+00 0.000E+00 0.000E+00 6.033E+00 5.823E+00 
4.612E-03 2.060E-01 9.224E-02 5.296E+00 0.000E+00 0.000E+00 5.594E+00 5.388E+00 
4.612E-03 2.060E-01 9.224E-02 5.296E+00 0.000E+00 0.000E+00 5.594E+00 5.388E+00 
4.773E-03 2.002E-01 9.367E-02 4.741E+00 0.000E+00 0.000E+00 5.035E+00 4.835E+00 
4.939E-03 1.946E-01 9.511E-02 4.246E+00 0.000E+00 0.000E+00 4.536E+00 4.341E+00 
4.939E-03 1.946E-01 9.511E-02 4.246E+00 0.000E+00 0.000E+00 4.536E+00 4.341E+00 
5.000E-03 1.926E-01 9.562E-02 4.081E+00 0.000E+00 0.000E+00 4.369E+00 4.176E+00 
5.500E-03 1.777E-01 9.968E-02 2.997E+00 0.000E+00 0.000E+00 3.275E+00 3.097E+00 
6.000E-03 1.649E-01 1.034E-01 2.259E+00 0.000E+00 0.000E+00 2.528E+00 2.363E+00 
6.500E-03 1.535E-01 1.070E-01 1.741E+00 0.000E+00 0.000E+00 2.001E+00 1.848E+00 
7.000E-03 1.432E-01 1.103E-01 1.366E+00 0.000E+00 0.000E+00 1.620E+00 1.477E+00 
7.500E-03 1.339E-01 1.134E-01 1.090E+00 0.000E+00 0.000E+00 1.337E+00 1.203E+00 
8.000E-03 1.254E-01 1.163E-01 8.821E-01 0.000E+00 0.000E+00 1.124E+00 9.983E-01 
8.500E-03 1.176E-01 1.190E-01 7.227E-01 0.000E+00 0.000E+00 9.593E-01 8.417E-01 
9.000E-03 1.104E-01 1.216E-01 5.987E-01 0.000E+00 0.000E+00 8.307E-01 7.203E-01 
9.500E-03 1.037E-01 1.239E-01 5.010E-01 0.000E+00 0.000E+00 7.286E-01 6.249E-01 
9.881E-03 9.892E-02 1.256E-01 4.400E-01 0.000E+00 0.000E+00 6.645E-01 5.656E-01 
9.881E-03 9.892E-02 1.256E-01 4.400E-01 0.000E+00 0.000E+00 6.645E-01 5.656E-01 
1.000E-02 9.749E-02 1.262E-01 4.229E-01 0.000E+00 0.000E+00 6.466E-01 5.491E-01 
1.050E-02 9.176E-02 1.282E-01 3.599E-01 0.000E+00 0.000E+00 5.799E-01 4.881E-01 
1.100E-02 8.645E-02 1.301E-01 3.085E-01 0.000E+00 0.000E+00 5.251E-01 4.387E-01 
1.114E-02 8.504E-02 1.306E-01 2.959E-01 0.000E+00 0.000E+00 5.116E-01 4.265E-01 
1.114E-02 8.504E-02 1.306E-01 2.959E-01 0.000E+00 0.000E+00 5.116E-01 4.265E-01 
1.150E-02 8.153E-02 1.319E-01 2.663E-01 0.000E+00 0.000E+00 4.797E-01 3.982E-01 
1.168E-02 7.985E-02 1.325E-01 2.529E-01 0.000E+00 0.000E+00 4.653E-01 3.854E-01 
1.168E-02 7.985E-02 1.325E-01 2.529E-01 0.000E+00 0.000E+00 4.653E-01 3.854E-01 
1.200E-02 7.698E-02 1.336E-01 2.312E-01 0.000E+00 0.000E+00 4.417E-01 3.648E-01 
1.250E-02 7.276E-02 1.351E-01 2.019E-01 0.000E+00 0.000E+00 4.097E-01 3.370E-01 
1.300E-02 6.885E-02 1.365E-01 1.772E-01 0.000E+00 0.000E+00 3.826E-01 3.137E-01 
1.350E-02 6.522E-02 1.378E-01 1.563E-01 0.000E+00 0.000E+00 3.593E-01 2.941E-01 
1.400E-02 6.184E-02 1.390E-01 1.385E-01 0.000E+00 0.000E+00 3.393E-01 2.775E-01 
1.450E-02 5.871E-02 1.401E-01 1.232E-01 0.000E+00 0.000E+00 3.220E-01 2.633E-01 
1.500E-02 5.580E-02 1.411E-01 1.101E-01 0.000E+00 0.000E+00 3.070E-01 2.512E-01 
1.550E-02 5.308E-02 1.421E-01 9.866E-02 0.000E+00 0.000E+00 2.938E-01 2.407E-01 
1.600E-02 5.055E-02 1.429E-01 8.874E-02 0.000E+00 0.000E+00 2.822E-01 2.317E-01 
1.650E-02 4.819E-02 1.437E-01 8.008E-02 0.000E+00 0.000E+00 2.720E-01 2.238E-01 
1.700E-02 4.598E-02 1.444E-01 7.248E-02 0.000E+00 0.000E+00 2.629E-01 2.169E-01 
1.750E-02 4.392E-02 1.451E-01 6.578E-02 0.000E+00 0.000E+00 2.548E-01 2.109E-01 
1.800E-02 4.199E-02 1.457E-01 5.987E-02 0.000E+00 0.000E+00 2.476E-01 2.056E-01 
1.850E-02 4.018E-02 1.463E-01 5.462E-02 0.000E+00 0.000E+00 2.411E-01 2.009E-01 
1.900E-02 3.848E-02 1.468E-01 4.996E-02 0.000E+00 0.000E+00 2.352E-01 1.967E-01 
1.950E-02 3.688E-02 1.473E-01 4.580E-02 0.000E+00 0.000E+00 2.299E-01 1.930E-01 
2.000E-02 3.538E-02 1.477E-01 4.207E-02 0.000E+00 0.000E+00 2.251E-01 1.897E-01 
2.050E-02 3.397E-02 1.481E-01 3.873E-02 0.000E+00 0.000E+00 2.208E-01 1.868E-01 
2.100E-02 3.264E-02 1.484E-01 3.572E-02 0.000E+00 0.000E+00 2.168E-01 1.841E-01 
2.150E-02 3.139E-02 1.487E-01 3.301E-02 0.000E+00 0.000E+00 2.131E-01 1.817E-01 
2.200E-02 3.020E-02 1.490E-01 3.056E-02 0.000E+00 0.000E+00 2.098E-01 1.796E-01 
2.250E-02 2.909E-02 1.493E-01 2.834E-02 0.000E+00 0.000E+00 2.067E-01 1.776E-01 
2.300E-02 2.803E-02 1.495E-01 2.632E-02 0.000E+00 0.000E+00 2.038E-01 1.758E-01 
2.350E-02 2.703E-02 1.497E-01 2.448E-02 0.000E+00 0.000E+00 2.012E-01 1.742E-01 
2.400E-02 2.608E-02 1.499E-01 2.281E-02 0.000E+00 0.000E+00 1.988E-01 1.727E-01 
2.450E-02 2.517E-02 1.500E-01 2.128E-02 0.000E+00 0.000E+00 1.965E-01 1.713E-01 
2.500E-02 2.432E-02 1.502E-01 1.989E-02 0.000E+00 0.000E+00 1.944E-01 1.701E-01 
2.550E-02 2.350E-02 1.503E-01 1.860E-02 0.000E+00 0.000E+00 1.924E-01 1.689E-01 
2.600E-02 2.273E-02 1.504E-01 1.743E-02 0.000E+00 0.000E+00 1.906E-01 1.678E-01 
2.650E-02 2.199E-02 1.505E-01 1.635E-02 0.000E+00 0.000E+00 1.888E-01 1.668E-01 
2.671E-02 2.169E-02 1.505E-01 1.592E-02 0.000E+00 0.000E+00 1.881E-01 1.665E-01 
2.671E-02 2.169E-02 1.505E-01 1.592E-02 0.000E+00 0.000E+00 1.881E-01 1.665E-01 
2.700E-02 2.129E-02 1.506E-01 1.535E-02 0.000E+00 0.000E+00 1.872E-01 1.659E-01 
2.750E-02 2.062E-02 1.506E-01 1.443E-02 0.000E+00 0.000E+00 1.857E-01 1.651E-01 
2.800E-02 1.998E-02 1.507E-01 1.358E-02 0.000E+00 0.000E+00 1.842E-01 1.643E-01 
2.850E-02 1.937E-02 1.507E-01 1.279E-02 0.000E+00 0.000E+00 1.829E-01 1.635E-01 
2.900E-02 1.879E-02 1.507E-01 1.207E-02 0.000E+00 0.000E+00 1.816E-01 1.628E-01 
2.950E-02 1.823E-02 1.507E-01 1.139E-02 0.000E+00 0.000E+00 1.804E-01 1.621E-01 
3.000E-02 1.770E-02 1.508E-01 1.077E-02 0.000E+00 0.000E+00 1.792E-01 1.615E-01 
3.050E-02 1.719E-02 1.507E-01 1.018E-02 0.000E+00 0.000E+00 1.781E-01 1.609E-01 
3.100E-02 1.670E-02 1.507E-01 9.640E-03 0.000E+00 0.000E+00 1.771E-01 1.604E-01 
3.150E-02 1.623E-02 1.507E-01 9.134E-03 0.000E+00 0.000E+00 1.761E-01 1.598E-01 
3.181E-02 1.595E-02 1.507E-01 8.837E-03 0.000E+00 0.000E+00 1.755E-01 1.595E-01 
3.181E-02 1.595E-02 1.507E-01 8.837E-03 0.000E+00 0.000E+00 1.755E-01 1.595E-01 
3.200E-02 1.579E-02 1.507E-01 8.662E-03 0.000E+00 0.000E+00 1.751E-01 1.593E-01 
3.250E-02 1.535E-02 1.506E-01 8.221E-03 0.000E+00 0.000E+00 1.742E-01 1.589E-01 
3.300E-02 1.494E-02 1.506E-01 7.809E-03 0.000E+00 0.000E+00 1.733E-01 1.584E-01 
3.350E-02 1.454E-02 1.505E-01 7.423E-03 0.000E+00 0.000E+00 1.725E-01 1.580E-01 
3.400E-02 1.416E-02 1.505E-01 7.061E-03 0.000E+00 0.000E+00 1.717E-01 1.575E-01 
3.450E-02 1.379E-02 1.504E-01 6.722E-03 0.000E+00 0.000E+00 1.709E-01 1.571E-01 
3.500E-02 1.344E-02 1.503E-01 6.404E-03 0.000E+00 0.000E+00 1.702E-01 1.567E-01 
3.550E-02 1.310E-02 1.503E-01 6.105E-03 0.000E+00 0.000E+00 1.695E-01 1.564E-01 
3.600E-02 1.277E-02 1.502E-01 5.823E-03 0.000E+00 0.000E+00 1.688E-01 1.560E-01 
3.650E-02 1.246E-02 1.501E-01 5.559E-03 0.000E+00 0.000E+00 1.681E-01 1.556E-01 
3.700E-02 1.215E-02 1.500E-01 5.309E-03 0.000E+00 0.000E+00 1.675E-01 1.553E-01 
3.750E-02 1.186E-02 1.499E-01 5.074E-03 0.000E+00 0.000E+00 1.668E-01 1.550E-01 
3.800E-02 1.158E-02 1.498E-01 4.852E-03 0.000E+00 0.000E+00 1.662E-01 1.546E-01 
3.850E-02 1.130E-02 1.497E-01 4.643E-03 0.000E+00 0.000E+00 1.656E-01 1.543E-01 
3.900E-02 1.104E-02 1.496E-01 4.445E-03 0.000E+00 0.000E+00 1.651E-01 1.540E-01 
3.950E-02 1.078E-02 1.495E-01 4.257E-03 0.000E+00 0.000E+00 1.645E-01 1.537E-01 
4.000E-02 1.054E-02 1.493E-01 4.080E-03 0.000E+00 0.000E+00 1.640E-01 1.534E-01 
4.050E-02 1.030E-02 1.492E-01 3.912E-03 0.000E+00 0.000E+00 1.634E-01 1.531E-01 
4.100E-02 1.007E-02 1.491E-01 3.753E-03 0.000E+00 0.000E+00 1.629E-01 1.529E-01 
4.150E-02 9.847E-03 1.490E-01 3.603E-03 0.000E+00 0.000E+00 1.624E-01 1.526E-01 
4.200E-02 9.632E-03 1.489E-01 3.460E-03 0.000E+00 0.000E+00 1.619E-01 1.523E-01 
4.250E-02 9.423E-03 1.487E-01 3.324E-03 0.000E+00 0.000E+00 1.615E-01 1.520E-01 
4.300E-02 9.221E-03 1.486E-01 3.195E-03 0.000E+00 0.000E+00 1.610E-01 1.518E-01 
4.350E-02 9.026E-03 1.485E-01 3.072E-03 0.000E+00 0.000E+00 1.606E-01 1.515E-01 
4.400E-02 8.836E-03 1.483E-01 2.956E-03 0.000E+00 0.000E+00 1.601E-01 1.513E-01 
4.450E-02 8.652E-03 1.482E-01 2.845E-03 0.000E+00 0.000E+00 1.597E-01 1.510E-01 
4.500E-02 8.474E-03 1.480E-01 2.739E-03 0.000E+00 0.000E+00 1.592E-01 1.508E-01 
4.550E-02 8.301E-03 1.479E-01 2.639E-03 0.000E+00 0.000E+00 1.588E-01 1.505E-01 
4.600E-02 8.134E-03 1.477E-01 2.543E-03 0.000E+00 0.000E+00 1.584E-01 1.503E-01 
4.650E-02 7.971E-03 1.476E-01 2.452E-03 0.000E+00 0.000E+00 1.580E-01 1.501E-01 
4.700E-02 7.813E-03 1.475E-01 2.365E-03 0.000E+00 0.000E+00 1.576E-01 1.498E-01 
4.750E-02 7.660E-03 1.473E-01 2.282E-03 0.000E+00 0.000E+00 1.572E-01 1.496E-01 
4.800E-02 7.511E-03 1.472E-01 2.203E-03 0.000E+00 0.000E+00 1.569E-01 1.494E-01 
4.850E-02 7.366E-03 1.470E-01 2.127E-03 0.000E+00 0.000E+00 1.565E-01 1.491E-01 
4.900E-02 7.226E-03 1.468E-01 2.054E-03 0.000E+00 0.000E+00 1.561E-01 1.489E-01 
4.950E-02 7.089E-03 1.467E-01 1.985E-03 0.000E+00 0.000E+00 1.558E-01 1.487E-01 
5.000E-02 6.956E-03 1.465E-01 1.919E-03 0.000E+00 0.000E+00 1.554E-01 1.485E-01 
5.050E-02 6.827E-03 1.464E-01 1.856E-03 0.000E+00 0.000E+00 1.551E-01 1.482E-01 
5.100E-02 6.701E-03 1.462E-01 1.795E-03 0.000E+00 0.000E+00 1.547E-01 1.480E-01 
5.150E-02 6.579E-03 1.461E-01 1.737E-03 0.000E+00 0.000E+00 1.544E-01 1.478E-01 
5.200E-02 6.460E-03 1.459E-01 1.682E-03 0.000E+00 0.000E+00 1.541E-01 1.476E-01 
5.250E-02 6.344E-03 1.458E-01 1.628E-03 0.000E+00 0.000E+00 1.537E-01 1.474E-01 
5.300E-02 6.231E-03 1.456E-01 1.577E-03 0.000E+00 0.000E+00 1.534E-01 1.472E-01 
5.350E-02 6.121E-03 1.454E-01 1.528E-03 0.000E+00 0.000E+00 1.531E-01 1.470E-01 
5.400E-02 6.014E-03 1.453E-01 1.481E-03 0.000E+00 0.000E+00 1.528E-01 1.468E-01 
5.450E-02 5.910E-03 1.451E-01 1.436E-03 0.000E+00 0.000E+00 1.525E-01 1.466E-01 
5.500E-02 5.808E-03 1.450E-01 1.392E-03 0.000E+00 0.000E+00 1.522E-01 1.464E-01 
5.550E-02 5.709E-03 1.448E-01 1.351E-03 0.000E+00 0.000E+00 1.519E-01 1.461E-01 
5.600E-02 5.613E-03 1.446E-01 1.311E-03 0.000E+00 0.000E+00 1.516E-01 1.459E-01 
5.650E-02 5.518E-03 1.445E-01 1.272E-03 0.000E+00 0.000E+00 1.513E-01 1.457E-01 
5.700E-02 5.426E-03 1.443E-01 1.235E-03 0.000E+00 0.000E+00 1.510E-01 1.455E-01 
5.750E-02 5.337E-03 1.441E-01 1.199E-03 0.000E+00 0.000E+00 1.507E-01 1.453E-01 
5.800E-02 5.249E-03 1.440E-01 1.165E-03 0.000E+00 0.000E+00 1.504E-01 1.452E-01 
5.850E-02 5.164E-03 1.438E-01 1.132E-03 0.000E+00 0.000E+00 1.501E-01 1.450E-01 
5.900E-02 5.081E-03 1.437E-01 1.100E-03 0.000E+00 0.000E+00 1.498E-01 1.448E-01 
5.950E-02 5.000E-03 1.435E-01 1.069E-03 0.000E+00 0.000E+00 1.496E-01 1.446E-01 
6.000E-02 4.920E-03 1.433E-01 1.039E-03 0.000E+00 0.000E+00 1.493E-01 1.444E-01 
6.050E-02 4.843E-03 1.432E-01 1.010E-03 0.000E+00 0.000E+00 1.490E-01 1.442E-01 
6.100E-02 4.767E-03 1.430E-01 9.828E-04 0.000E+00 0.000E+00 1.488E-01 1.440E-01 
6.150E-02 4.693E-03 1.428E-01 9.562E-04 0.000E+00 0.000E+00 1.485E-01 1.438E-01 
6.200E-02 4.621E-03 1.427E-01 9.304E-04 0.000E+00 0.000E+00 1.482E-01 1.436E-01 
6.250E-02 4.550E-03 1.425E-01 9.056E-04 0.000E+00 0.000E+00 1.480E-01 1.434E-01 
6.300E-02 4.481E-03 1.424E-01 8.816E-04 0.000E+00 0.000E+00 1.477E-01 1.432E-01 
6.350E-02 4.413E-03 1.422E-01 8.584E-04 0.000E+00 0.000E+00 1.475E-01 1.430E-01 
6.400E-02 4.347E-03 1.420E-01 8.360E-04 0.000E+00 0.000E+00 1.472E-01 1.429E-01 
6.450E-02 4.283E-03 1.419E-01 8.143E-04 0.000E+00 0.000E+00 1.470E-01 1.427E-01 
6.500E-02 4.220E-03 1.417E-01 7.934E-04 0.000E+00 0.000E+00 1.467E-01 1.425E-01 
6.550E-02 4.158E-03 1.415E-01 7.731E-04 0.000E+00 0.000E+00 1.465E-01 1.423E-01 
6.600E-02 4.097E-03 1.414E-01 7.535E-04 0.000E+00 0.000E+00 1.462E-01 1.421E-01 
6.650E-02 4.038E-03 1.412E-01 7.346E-04 0.000E+00 0.000E+00 1.460E-01 1.419E-01 
6.700E-02 3.980E-03 1.410E-01 7.162E-04 0.000E+00 0.000E+00 1.457E-01 1.418E-01 
6.742E-02 3.933E-03 1.409E-01 7.013E-04 0.000E+00 0.000E+00 1.455E-01 1.416E-01 
6.742E-02 3.933E-03 1.409E-01 7.013E-04 0.000E+00 0.000E+00 1.455E-01 1.416E-01 
6.750E-02 3.924E-03 1.409E-01 6.985E-04 0.000E+00 0.000E+00 1.455E-01 1.416E-01 
6.800E-02 3.868E-03 1.407E-01 6.813E-04 0.000E+00 0.000E+00 1.453E-01 1.414E-01 
6.850E-02 3.814E-03 1.406E-01 6.646E-04 0.000E+00 0.000E+00 1.450E-01 1.412E-01 
6.900E-02 3.761E-03 1.404E-01 6.485E-04 0.000E+00 0.000E+00 1.448E-01 1.410E-01 
6.950E-02 3.709E-03 1.402E-01 6.329E-04 0.000E+00 0.000E+00 1.446E-01 1.409E-01 
7.000E-02 3.658E-03 1.401E-01 6.178E-04 0.000E+00 0.000E+00 1.443E-01 1.407E-01 
7.050E-02 3.608E-03 1.399E-01 6.031E-04 0.000E+00 0.000E+00 1.441E-01 1.405E-01 
7.100E-02 3.559E-03 1.397E-01 5.889E-04 0.000E+00 0.000E+00 1.439E-01 1.403E-01 
7.150E-02 3.511E-03 1.396E-01 5.751E-04 0.000E+00 0.000E+00 1.437E-01 1.402E-01 
7.200E-02 3.464E-03 1.394E-01 5.617E-04 0.000E+00 0.000E+00 1.434E-01 1.400E-01 
7.250E-02 3.417E-03 1.393E-01 5.487E-04 0.000E+00 0.000E+00 1.432E-01 1.398E-01 
7.300E-02 3.372E-03 1.391E-01 5.362E-04 0.000E+00 0.000E+00 1.430E-01 1.396E-01 
7.350E-02 3.328E-03 1.389E-01 5.239E-04 0.000E+00 0.000E+00 1.428E-01 1.395E-01 
7.400E-02 3.284E-03 1.388E-01 5.121E-04 0.000E+00 0.000E+00 1.426E-01 1.393E-01 
7.450E-02 3.242E-03 1.386E-01 5.006E-04 0.000E+00 0.000E+00 1.424E-01 1.391E-01 
7.500E-02 3.200E-03 1.384E-01 4.894E-04 0.000E+00 0.000E+00 1.421E-01 1.389E-01 
7.550E-02 3.159E-03 1.383E-01 4.786E-04 0.000E+00 0.000E+00 1.419E-01 1.388E-01 
7.600E-02 3.119E-03 1.381E-01 4.680E-04 0.000E+00 0.000E+00 1.417E-01 1.386E-01 
7.650E-02 3.079E-03 1.380E-01 4.578E-04 0.000E+00 0.000E+00 1.415E-01 1.384E-01 
7.700E-02 3.041E-03 1.378E-01 4.478E-04 0.000E+00 0.000E+00 1.413E-01 1.383E-01 
7.750E-02 3.002E-03 1.376E-01 4.381E-04 0.000E+00 0.000E+00 1.411E-01 1.381E-01 
7.800E-02 2.965E-03 1.375E-01 4.287E-04 0.000E+00 0.000E+00 1.409E-01 1.379E-01 
7.850E-02 2.929E-03 1.373E-01 4.196E-04 0.000E+00 0.000E+00 1.407E-01 1.377E-01 
7.900E-02 2.893E-03 1.372E-01 4.107E-04 0.000E+00 0.000E+00 1.405E-01 1.376E-01 
7.950E-02 2.857E-03 1.370E-01 4.021E-04 0.000E+00 0.000E+00 1.403E-01 1.374E-01 
8.000E-02 2.823E-03 1.369E-01 3.936E-04 0.000E+00 0.000E+00 1.401E-01 1.372E-01 
8.050E-02 2.789E-03 1.367E-01 3.855E-04 0.000E+00 0.000E+00 1.399E-01 1.371E-01 
8.100E-02 2.755E-03 1.365E-01 3.775E-04 0.000E+00 0.000E+00 1.397E-01 1.369E-01 
8.150E-02 2.722E-03 1.364E-01 3.698E-04 0.000E+00 0.000E+00 1.395E-01 1.367E-01 
8.200E-02 2.690E-03 1.362E-01 3.622E-04 0.000E+00 0.000E+00 1.393E-01 1.366E-01 
8.250E-02 2.658E-03 1.361E-01 3.549E-04 0.000E+00 0.000E+00 1.391E-01 1.364E-01 
8.300E-02 2.627E-03 1.359E-01 3.477E-04 0.000E+00 0.000E+00 1.389E-01 1.363E-01 
8.350E-02 2.596E-03 1.357E-01 3.408E-04 0.000E+00 0.000E+00 1.387E-01 1.361E-01 
8.400E-02 2.566E-03 1.356E-01 3.340E-04 0.000E+00 0.000E+00 1.385E-01 1.359E-01 
8.450E-02 2.537E-03 1.354E-01 3.274E-04 0.000E+00 0.000E+00 1.383E-01 1.358E-01 
8.500E-02 2.508E-03 1.353E-01 3.209E-04 0.000E+00 0.000E+00 1.381E-01 1.356E-01 
8.550E-02 2.479E-03 1.351E-01 3.147E-04 0.000E+00 0.000E+00 1.379E-01 1.354E-01 
8.600E-02 2.451E-03 1.350E-01 3.085E-04 0.000E+00 0.000E+00 1.377E-01 1.353E-01 
8.650E-02 2.423E-03 1.348E-01 3.026E-04 0.000E+00 0.000E+00 1.375E-01 1.351E-01 
8.700E-02 2.396E-03 1.347E-01 2.968E-04 0.000E+00 0.000E+00 1.374E-01 1.350E-01 
8.750E-02 2.370E-03 1.345E-01 2.911E-04 0.000E+00 0.000E+00 1.372E-01 1.348E-01 
8.800E-02 2.343E-03 1.344E-01 2.856E-04 0.000E+00 0.000E+00 1.370E-01 1.346E-01 
8.850E-02 2.317E-03 1.342E-01 2.802E-04 0.000E+00 0.000E+00 1.368E-01 1.345E-01 
8.900E-02 2.292E-03 1.340E-01 2.749E-04 0.000E+00 0.000E+00 1.366E-01 1.343E-01 
8.950E-02 2.267E-03 1.339E-01 2.698E-04 0.000E+00 0.000E+00 1.364E-01 1.342E-01 
9.000E-02 2.242E-03 1.337E-01 2.648E-04 0.000E+00 0.000E+00 1.362E-01 1.340E-01 
9.050E-02 2.218E-03 1.336E-01 2.599E-04 0.000E+00 0.000E+00 1.361E-01 1.338E-01 
9.100E-02 2.194E-03 1.334E-01 2.551E-04 0.000E+00 0.000E+00 1.359E-01 1.337E-01 
9.150E-02 2.171E-03 1.333E-01 2.505E-04 0.000E+00 0.000E+00 1.357E-01 1.335E-01 
9.200E-02 2.148E-03 1.331E-01 2.459E-04 0.000E+00 0.000E+00 1.355E-01 1.334E-01 
9.250E-02 2.125E-03 1.330E-01 2.415E-04 0.000E+00 0.000E+00 1.354E-01 1.332E-01 
9.300E-02 2.103E-03 1.328E-01 2.372E-04 0.000E+00 0.000E+00 1.352E-01 1.331E-01 
9.350E-02 2.081E-03 1.327E-01 2.329E-04 0.000E+00 0.000E+00 1.350E-01 1.329E-01 
9.400E-02 2.059E-03 1.325E-01 2.288E-04 0.000E+00 0.000E+00 1.348E-01 1.328E-01 
9.450E-02 2.038E-03 1.324E-01 2.248E-04 0.000E+00 0.000E+00 1.346E-01 1.326E-01 
9.500E-02 2.017E-03 1.322E-01 2.208E-04 0.000E+00 0.000E+00 1.345E-01 1.325E-01 
9.550E-02 1.996E-03 1.321E-01 2.170E-04 0.000E+00 0.000E+00 1.343E-01 1.323E-01 
9.600E-02 1.976E-03 1.319E-01 2.132E-04 0.000E+00 0.000E+00 1.341E-01 1.322E-01 
9.650E-02 1.956E-03 1.318E-01 2.095E-04 0.000E+00 0.000E+00 1.340E-01 1.320E-01 
9.700E-02 1.936E-03 1.316E-01 2.059E-04 0.000E+00 0.000E+00 1.338E-01 1.319E-01 
9.750E-02 1.917E-03 1.315E-01 2.024E-04 0.000E+00 0.000E+00 1.336E-01 1.317E-01 
9.800E-02 1.897E-03 1.314E-01 1.989E-04 0.000E+00 0.000E+00 1.334E-01 1.316E-01 
9.850E-02 1.879E-03 1.312E-01 1.956E-04 0.000E+00 0.000E+00 1.333E-01 1.314E-01 
9.900E-02 1.860E-03 1.311E-01 1.923E-04 0.000E+00 0.000E+00 1.331E-01 1.313E-01 
9.950E-02 1.842E-03 1.309E-01 1.891E-04 0.000E+00 0.000E+00 1.329E-01 1.311E-01 
1.000E-01 1.824E-03 1.308E-01 1.859E-04 0.000E+00 0.000E+00 1.328E-01 1.310E-01 
