246 lines : CdTe mass attenuation coefficient from NIST XCOM (1-100 keV)
8 columns : Photon Energy (keV), Coherent Scattering (cm^2/g), Incoherent Scattering (cm^2/g), Photoelectric Absorption (cm^2/g), Pair Production in Nuclear Field (cm^2/g), Pair Production in Electronic Field (cm^2/g), TOTAL w/ Coherent Scattering (cm^2/g), TOTAL w/o Coherent Scattering (cm^2/g)
       1.000E-03 7.946E+00 5.041E-03 7.919E+03 0.000E+00 0.000E+00 7.927E+03 7.919E+03 
       1.006E-03 7.942E+00 5.089E-03 7.817E+03 0.000E+00 0.000E+00 7.825E+03 7.817E+03 
       1.006E-03 7.942E+00 5.089E-03 8.005E+03 0.000E+00 0.000E+00 8.013E+03 8.005E+03 
       1.500E-03 7.527E+00 9.294E-03 3.283E+03 0.000E+00 0.000E+00 3.291E+03 3.283E+03 
       1.560E-03 7.473E+00 9.812E-03 2.991E+03 0.000E+00 0.000E+00 2.998E+03 2.991E+03 
       1.560E-03 7.473E+00 9.812E-03 2.991E+03 0.000E+00 0.000E+00 2.998E+03 2.991E+03 
       1.735E-03 7.312E+00 1.131E-02 2.323E+03 0.000E+00 0.000E+00 2.330E+03 2.323E+03 
       1.735E-03 7.312E+00 1.131E-02 2.323E+03 0.000E+00 0.000E+00 2.330E+03 2.323E+03 
       1.764E-03 7.285E+00 1.155E-02 2.233E+03 0.000E+00 0.000E+00 2.241E+03 2.233E+03 
       1.793E-03 7.258E+00 1.180E-02 2.148E+03 0.000E+00 0.000E+00 2.156E+03 2.148E+03 
       1.793E-03 7.258E+00 1.180E-02 2.148E+03 0.000E+00 0.000E+00 2.156E+03 2.148E+03 
       1.839E-03 7.214E+00 1.219E-02 2.023E+03 0.000E+00 0.000E+00 2.030E+03 2.023E+03 
       1.839E-03 7.214E+00 1.219E-02 2.023E+03 0.000E+00 0.000E+00 2.030E+03 2.023E+03 
       2.000E-03 7.063E+00 1.353E-02 1.657E+03 0.000E+00 0.000E+00 1.664E+03 1.657E+03 
       2.194E-03 6.882E+00 1.514E-02 1.318E+03 0.000E+00 0.000E+00 1.325E+03 1.318E+03 
       2.194E-03 6.882E+00 1.514E-02 1.318E+03 0.000E+00 0.000E+00 1.325E+03 1.318E+03 
       2.327E-03 6.758E+00 1.622E-02 1.140E+03 0.000E+00 0.000E+00 1.147E+03 1.140E+03 
       2.469E-03 6.627E+00 1.737E-02 9.846E+02 0.000E+00 0.000E+00 9.913E+02 9.846E+02 
       2.469E-03 6.627E+00 1.737E-02 9.846E+02 0.000E+00 0.000E+00 9.913E+02 9.846E+02 
       2.500E-03 6.599E+00 1.761E-02 9.547E+02 0.000E+00 0.000E+00 9.613E+02 9.547E+02 
       2.708E-03 6.411E+00 1.926E-02 7.836E+02 0.000E+00 0.000E+00 7.901E+02 7.837E+02 
       2.708E-03 6.411E+00 1.926E-02 7.836E+02 0.000E+00 0.000E+00 7.901E+02 7.837E+02 
       3.000E-03 6.155E+00 2.151E-02 6.085E+02 0.000E+00 0.000E+00 6.146E+02 6.085E+02 
       3.203E-03 5.982E+00 2.303E-02 5.152E+02 0.000E+00 0.000E+00 5.212E+02 5.152E+02 
       3.203E-03 5.982E+00 2.303E-02 5.152E+02 0.000E+00 0.000E+00 5.212E+02 5.152E+02 
       3.500E-03 5.739E+00 2.519E-02 4.113E+02 0.000E+00 0.000E+00 4.170E+02 4.113E+02 
       3.537E-03 5.709E+00 2.546E-02 4.003E+02 0.000E+00 0.000E+00 4.060E+02 4.003E+02 
       3.537E-03 5.709E+00 2.546E-02 7.724E+02 0.000E+00 0.000E+00 7.782E+02 7.725E+02 
       3.631E-03 5.635E+00 2.612E-02 7.239E+02 0.000E+00 0.000E+00 7.296E+02 7.240E+02 
       3.727E-03 5.561E+00 2.679E-02 6.782E+02 0.000E+00 0.000E+00 6.838E+02 6.783E+02 
       3.727E-03 5.561E+00 2.679E-02 8.544E+02 0.000E+00 0.000E+00 8.600E+02 8.544E+02 
       4.000E-03 5.352E+00 2.866E-02 7.176E+02 0.000E+00 0.000E+00 7.230E+02 7.177E+02 
       4.018E-03 5.338E+00 2.878E-02 7.096E+02 0.000E+00 0.000E+00 7.150E+02 7.097E+02 
       4.018E-03 5.338E+00 2.878E-02 7.892E+02 0.000E+00 0.000E+00 7.945E+02 7.892E+02 
       4.177E-03 5.222E+00 2.983E-02 7.158E+02 0.000E+00 0.000E+00 7.211E+02 7.159E+02 
       4.341E-03 5.105E+00 3.091E-02 6.493E+02 0.000E+00 0.000E+00 6.544E+02 6.493E+02 
       4.341E-03 5.105E+00 3.091E-02 9.259E+02 0.000E+00 0.000E+00 9.311E+02 9.260E+02 
       4.500E-03 4.996E+00 3.193E-02 8.536E+02 0.000E+00 0.000E+00 8.586E+02 8.536E+02 
       4.612E-03 4.921E+00 3.264E-02 8.074E+02 0.000E+00 0.000E+00 8.123E+02 8.074E+02 
       4.612E-03 4.921E+00 3.264E-02 9.376E+02 0.000E+00 0.000E+00 9.426E+02 9.376E+02 
       4.773E-03 4.814E+00 3.365E-02 8.633E+02 0.000E+00 0.000E+00 8.682E+02 8.634E+02 
       4.939E-03 4.707E+00 3.468E-02 7.950E+02 0.000E+00 0.000E+00 7.997E+02 7.950E+02 
       4.939E-03 4.707E+00 3.468E-02 8.605E+02 0.000E+00 0.000E+00 8.652E+02 8.605E+02 
       5.000E-03 4.669E+00 3.505E-02 8.345E+02 0.000E+00 0.000E+00 8.392E+02 8.346E+02 
       5.500E-03 4.370E+00 3.801E-02 6.546E+02 0.000E+00 0.000E+00 6.590E+02 6.546E+02 
       6.000E-03 4.097E+00 4.085E-02 5.244E+02 0.000E+00 0.000E+00 5.286E+02 5.245E+02 
       6.500E-03 3.848E+00 4.359E-02 4.248E+02 0.000E+00 0.000E+00 4.287E+02 4.248E+02 
       7.000E-03 3.621E+00 4.622E-02 3.495E+02 0.000E+00 0.000E+00 3.532E+02 3.495E+02 
       7.500E-03 3.415E+00 4.876E-02 2.915E+02 0.000E+00 0.000E+00 2.949E+02 2.915E+02 
       8.000E-03 3.226E+00 5.121E-02 2.459E+02 0.000E+00 0.000E+00 2.492E+02 2.460E+02 
       8.500E-03 3.055E+00 5.356E-02 2.091E+02 0.000E+00 0.000E+00 2.122E+02 2.092E+02 
       9.000E-03 2.898E+00 5.582E-02 1.795E+02 0.000E+00 0.000E+00 1.824E+02 1.795E+02 
       9.500E-03 2.755E+00 5.799E-02 1.553E+02 0.000E+00 0.000E+00 1.581E+02 1.554E+02 
       9.881E-03 2.654E+00 5.958E-02 1.398E+02 0.000E+00 0.000E+00 1.425E+02 1.399E+02 
       9.881E-03 2.654E+00 5.958E-02 1.398E+02 0.000E+00 0.000E+00 1.425E+02 1.399E+02 
       1.000E-02 2.624E+00 6.007E-02 1.354E+02 0.000E+00 0.000E+00 1.381E+02 1.355E+02 
       1.050E-02 2.503E+00 6.205E-02 1.185E+02 0.000E+00 0.000E+00 1.211E+02 1.186E+02 
       1.100E-02 2.391E+00 6.395E-02 1.044E+02 0.000E+00 0.000E+00 1.068E+02 1.044E+02 
       1.114E-02 2.362E+00 6.447E-02 1.008E+02 0.000E+00 0.000E+00 1.033E+02 1.009E+02 
       1.114E-02 2.362E+00 6.447E-02 1.008E+02 0.000E+00 0.000E+00 1.033E+02 1.009E+02 
       1.150E-02 2.288E+00 6.577E-02 9.245E+01 0.000E+00 0.000E+00 9.480E+01 9.251E+01 
       1.168E-02 2.253E+00 6.641E-02 8.861E+01 0.000E+00 0.000E+00 9.093E+01 8.868E+01 
       1.168E-02 2.253E+00 6.641E-02 8.861E+01 0.000E+00 0.000E+00 9.093E+01 8.868E+01 
       1.200E-02 2.192E+00 6.751E-02 8.231E+01 0.000E+00 0.000E+00 8.457E+01 8.237E+01 
       1.250E-02 2.102E+00 6.917E-02 7.363E+01 0.000E+00 0.000E+00 7.580E+01 7.370E+01 
       1.300E-02 2.018E+00 7.076E-02 6.615E+01 0.000E+00 0.000E+00 6.824E+01 6.622E+01 
       1.350E-02 1.938E+00 7.228E-02 5.968E+01 0.000E+00 0.000E+00 6.169E+01 5.975E+01 
       1.400E-02 1.863E+00 7.373E-02 5.404E+01 0.000E+00 0.000E+00 5.597E+01 5.411E+01 
       1.450E-02 1.793E+00 7.512E-02 4.910E+01 0.000E+00 0.000E+00 5.097E+01 4.918E+01 
       1.500E-02 1.726E+00 7.645E-02 4.476E+01 0.000E+00 0.000E+00 4.656E+01 4.484E+01 
       1.550E-02 1.663E+00 7.772E-02 4.087E+01 0.000E+00 0.000E+00 4.261E+01 4.094E+01 
       1.600E-02 1.603E+00 7.894E-02 3.742E+01 0.000E+00 0.000E+00 3.910E+01 3.750E+01 
       1.650E-02 1.545E+00 8.011E-02 3.435E+01 0.000E+00 0.000E+00 3.598E+01 3.443E+01 
       1.700E-02 1.491E+00 8.123E-02 3.162E+01 0.000E+00 0.000E+00 3.319E+01 3.170E+01 
       1.750E-02 1.439E+00 8.231E-02 2.918E+01 0.000E+00 0.000E+00 3.070E+01 2.926E+01 
       1.800E-02 1.390E+00 8.334E-02 2.698E+01 0.000E+00 0.000E+00 2.845E+01 2.706E+01 
       1.850E-02 1.343E+00 8.434E-02 2.500E+01 0.000E+00 0.000E+00 2.643E+01 2.509E+01 
       1.900E-02 1.298E+00 8.530E-02 2.322E+01 0.000E+00 0.000E+00 2.460E+01 2.331E+01 
       1.950E-02 1.255E+00 8.622E-02 2.160E+01 0.000E+00 0.000E+00 2.295E+01 2.169E+01 
       2.000E-02 1.214E+00 8.712E-02 2.014E+01 0.000E+00 0.000E+00 2.144E+01 2.023E+01 
       2.050E-02 1.175E+00 8.798E-02 1.879E+01 0.000E+00 0.000E+00 2.005E+01 1.887E+01 
       2.100E-02 1.138E+00 8.881E-02 1.756E+01 0.000E+00 0.000E+00 1.878E+01 1.764E+01 
       2.150E-02 1.102E+00 8.962E-02 1.643E+01 0.000E+00 0.000E+00 1.762E+01 1.652E+01 
       2.200E-02 1.068E+00 9.040E-02 1.540E+01 0.000E+00 0.000E+00 1.656E+01 1.549E+01 
       2.250E-02 1.035E+00 9.116E-02 1.446E+01 0.000E+00 0.000E+00 1.559E+01 1.455E+01 
       2.300E-02 1.004E+00 9.188E-02 1.359E+01 0.000E+00 0.000E+00 1.469E+01 1.368E+01 
       2.350E-02 9.741E-01 9.259E-02 1.279E+01 0.000E+00 0.000E+00 1.386E+01 1.289E+01 
       2.400E-02 9.455E-01 9.327E-02 1.206E+01 0.000E+00 0.000E+00 1.310E+01 1.215E+01 
       2.450E-02 9.182E-01 9.392E-02 1.138E+01 0.000E+00 0.000E+00 1.239E+01 1.147E+01 
       2.500E-02 8.922E-01 9.456E-02 1.075E+01 0.000E+00 0.000E+00 1.174E+01 1.084E+01 
       2.550E-02 8.672E-01 9.517E-02 1.017E+01 0.000E+00 0.000E+00 1.113E+01 1.026E+01 
       2.600E-02 8.434E-01 9.577E-02 9.627E+00 0.000E+00 0.000E+00 1.057E+01 9.723E+00 
       2.650E-02 8.206E-01 9.634E-02 9.125E+00 0.000E+00 0.000E+00 1.004E+01 9.222E+00 
       2.671E-02 8.112E-01 9.657E-02 8.924E+00 0.000E+00 0.000E+00 9.832E+00 9.020E+00 
       2.671E-02 8.112E-01 9.657E-02 2.852E+01 0.000E+00 0.000E+00 2.943E+01 2.861E+01 
       2.700E-02 7.987E-01 9.689E-02 2.773E+01 0.000E+00 0.000E+00 2.862E+01 2.782E+01 
       2.750E-02 7.778E-01 9.743E-02 2.643E+01 0.000E+00 0.000E+00 2.730E+01 2.652E+01 
       2.800E-02 7.578E-01 9.794E-02 2.521E+01 0.000E+00 0.000E+00 2.607E+01 2.531E+01 
       2.850E-02 7.386E-01 9.844E-02 2.407E+01 0.000E+00 0.000E+00 2.491E+01 2.417E+01 
       2.900E-02 7.201E-01 9.892E-02 2.300E+01 0.000E+00 0.000E+00 2.381E+01 2.309E+01 
       2.950E-02 7.025E-01 9.939E-02 2.199E+01 0.000E+00 0.000E+00 2.279E+01 2.209E+01 
       3.000E-02 6.855E-01 9.984E-02 2.104E+01 0.000E+00 0.000E+00 2.182E+01 2.114E+01 
       3.050E-02 6.692E-01 1.003E-01 2.014E+01 0.000E+00 0.000E+00 2.091E+01 2.024E+01 
       3.100E-02 6.535E-01 1.007E-01 1.929E+01 0.000E+00 0.000E+00 2.005E+01 1.939E+01 
       3.150E-02 6.384E-01 1.011E-01 1.849E+01 0.000E+00 0.000E+00 1.923E+01 1.859E+01 
       3.181E-02 6.292E-01 1.014E-01 1.801E+01 0.000E+00 0.000E+00 1.874E+01 1.811E+01 
       3.181E-02 6.292E-01 1.014E-01 3.421E+01 0.000E+00 0.000E+00 3.494E+01 3.431E+01 
       3.200E-02 6.239E-01 1.015E-01 3.369E+01 0.000E+00 0.000E+00 3.442E+01 3.379E+01 
       3.250E-02 6.098E-01 1.019E-01 3.236E+01 0.000E+00 0.000E+00 3.307E+01 3.246E+01 
       3.300E-02 5.963E-01 1.023E-01 3.110E+01 0.000E+00 0.000E+00 3.180E+01 3.120E+01 
       3.350E-02 5.832E-01 1.026E-01 2.991E+01 0.000E+00 0.000E+00 3.059E+01 3.001E+01 
       3.400E-02 5.706E-01 1.030E-01 2.877E+01 0.000E+00 0.000E+00 2.945E+01 2.888E+01 
       3.450E-02 5.584E-01 1.033E-01 2.770E+01 0.000E+00 0.000E+00 2.836E+01 2.780E+01 
       3.500E-02 5.466E-01 1.037E-01 2.667E+01 0.000E+00 0.000E+00 2.732E+01 2.678E+01 
       3.550E-02 5.351E-01 1.040E-01 2.570E+01 0.000E+00 0.000E+00 2.634E+01 2.581E+01 
       3.600E-02 5.241E-01 1.043E-01 2.478E+01 0.000E+00 0.000E+00 2.540E+01 2.488E+01 
       3.650E-02 5.134E-01 1.046E-01 2.389E+01 0.000E+00 0.000E+00 2.451E+01 2.400E+01 
       3.700E-02 5.031E-01 1.049E-01 2.305E+01 0.000E+00 0.000E+00 2.366E+01 2.316E+01 
       3.750E-02 4.930E-01 1.052E-01 2.225E+01 0.000E+00 0.000E+00 2.285E+01 2.236E+01 
       3.800E-02 4.833E-01 1.055E-01 2.149E+01 0.000E+00 0.000E+00 2.207E+01 2.159E+01 
       3.850E-02 4.739E-01 1.057E-01 2.075E+01 0.000E+00 0.000E+00 2.133E+01 2.086E+01 
       3.900E-02 4.648E-01 1.060E-01 2.006E+01 0.000E+00 0.000E+00 2.063E+01 2.016E+01 
       3.950E-02 4.559E-01 1.063E-01 1.939E+01 0.000E+00 0.000E+00 1.995E+01 1.949E+01 
       4.000E-02 4.473E-01 1.065E-01 1.875E+01 0.000E+00 0.000E+00 1.930E+01 1.885E+01 
       4.050E-02 4.390E-01 1.068E-01 1.814E+01 0.000E+00 0.000E+00 1.868E+01 1.824E+01 
       4.100E-02 4.309E-01 1.070E-01 1.755E+01 0.000E+00 0.000E+00 1.809E+01 1.766E+01 
       4.150E-02 4.230E-01 1.072E-01 1.699E+01 0.000E+00 0.000E+00 1.752E+01 1.710E+01 
       4.200E-02 4.154E-01 1.074E-01 1.645E+01 0.000E+00 0.000E+00 1.697E+01 1.656E+01 
       4.250E-02 4.079E-01 1.076E-01 1.593E+01 0.000E+00 0.000E+00 1.645E+01 1.604E+01 
       4.300E-02 4.007E-01 1.078E-01 1.544E+01 0.000E+00 0.000E+00 1.595E+01 1.555E+01 
       4.350E-02 3.937E-01 1.080E-01 1.496E+01 0.000E+00 0.000E+00 1.547E+01 1.507E+01 
       4.400E-02 3.868E-01 1.082E-01 1.451E+01 0.000E+00 0.000E+00 1.500E+01 1.462E+01 
       4.450E-02 3.802E-01 1.084E-01 1.407E+01 0.000E+00 0.000E+00 1.456E+01 1.418E+01 
       4.500E-02 3.737E-01 1.086E-01 1.365E+01 0.000E+00 0.000E+00 1.413E+01 1.376E+01 
       4.550E-02 3.674E-01 1.087E-01 1.325E+01 0.000E+00 0.000E+00 1.372E+01 1.336E+01 
       4.600E-02 3.612E-01 1.089E-01 1.286E+01 0.000E+00 0.000E+00 1.333E+01 1.297E+01 
       4.650E-02 3.552E-01 1.091E-01 1.249E+01 0.000E+00 0.000E+00 1.295E+01 1.259E+01 
       4.700E-02 3.493E-01 1.092E-01 1.213E+01 0.000E+00 0.000E+00 1.259E+01 1.224E+01 
       4.750E-02 3.436E-01 1.094E-01 1.178E+01 0.000E+00 0.000E+00 1.223E+01 1.189E+01 
       4.800E-02 3.380E-01 1.095E-01 1.145E+01 0.000E+00 0.000E+00 1.190E+01 1.156E+01 
       4.850E-02 3.326E-01 1.097E-01 1.113E+01 0.000E+00 0.000E+00 1.157E+01 1.124E+01 
       4.900E-02 3.272E-01 1.098E-01 1.082E+01 0.000E+00 0.000E+00 1.126E+01 1.093E+01 
       4.950E-02 3.220E-01 1.099E-01 1.053E+01 0.000E+00 0.000E+00 1.096E+01 1.064E+01 
       5.000E-02 3.170E-01 1.100E-01 1.024E+01 0.000E+00 0.000E+00 1.067E+01 1.035E+01 
       5.050E-02 3.120E-01 1.102E-01 9.964E+00 0.000E+00 0.000E+00 1.039E+01 1.007E+01 
       5.100E-02 3.071E-01 1.103E-01 9.699E+00 0.000E+00 0.000E+00 1.012E+01 9.809E+00 
       5.150E-02 3.024E-01 1.104E-01 9.443E+00 0.000E+00 0.000E+00 9.855E+00 9.553E+00 
       5.200E-02 2.978E-01 1.105E-01 9.195E+00 0.000E+00 0.000E+00 9.604E+00 9.306E+00 
       5.250E-02 2.932E-01 1.106E-01 8.957E+00 0.000E+00 0.000E+00 9.361E+00 9.067E+00 
       5.300E-02 2.888E-01 1.107E-01 8.727E+00 0.000E+00 0.000E+00 9.126E+00 8.837E+00 
       5.350E-02 2.844E-01 1.108E-01 8.504E+00 0.000E+00 0.000E+00 8.899E+00 8.615E+00 
       5.400E-02 2.802E-01 1.109E-01 8.289E+00 0.000E+00 0.000E+00 8.680E+00 8.400E+00 
       5.450E-02 2.760E-01 1.110E-01 8.081E+00 0.000E+00 0.000E+00 8.468E+00 8.192E+00 
       5.500E-02 2.720E-01 1.111E-01 7.881E+00 0.000E+00 0.000E+00 8.264E+00 7.992E+00 
       5.550E-02 2.680E-01 1.112E-01 7.686E+00 0.000E+00 0.000E+00 8.066E+00 7.798E+00 
       5.600E-02 2.641E-01 1.112E-01 7.498E+00 0.000E+00 0.000E+00 7.874E+00 7.610E+00 
       5.650E-02 2.603E-01 1.113E-01 7.317E+00 0.000E+00 0.000E+00 7.688E+00 7.428E+00 
       5.700E-02 2.566E-01 1.114E-01 7.141E+00 0.000E+00 0.000E+00 7.509E+00 7.252E+00 
       5.750E-02 2.529E-01 1.114E-01 6.970E+00 0.000E+00 0.000E+00 7.335E+00 7.082E+00 
       5.800E-02 2.493E-01 1.115E-01 6.805E+00 0.000E+00 0.000E+00 7.166E+00 6.917E+00 
       5.850E-02 2.458E-01 1.116E-01 6.646E+00 0.000E+00 0.000E+00 7.003E+00 6.757E+00 
       5.900E-02 2.424E-01 1.116E-01 6.491E+00 0.000E+00 0.000E+00 6.845E+00 6.602E+00 
       5.950E-02 2.391E-01 1.117E-01 6.341E+00 0.000E+00 0.000E+00 6.691E+00 6.452E+00 
       6.000E-02 2.358E-01 1.117E-01 6.195E+00 0.000E+00 0.000E+00 6.542E+00 6.307E+00 
       6.050E-02 2.325E-01 1.118E-01 6.054E+00 0.000E+00 0.000E+00 6.398E+00 6.166E+00 
       6.100E-02 2.294E-01 1.118E-01 5.917E+00 0.000E+00 0.000E+00 6.258E+00 6.029E+00 
       6.150E-02 2.263E-01 1.119E-01 5.784E+00 0.000E+00 0.000E+00 6.122E+00 5.896E+00 
       6.200E-02 2.232E-01 1.119E-01 5.655E+00 0.000E+00 0.000E+00 5.990E+00 5.767E+00 
       6.250E-02 2.202E-01 1.119E-01 5.530E+00 0.000E+00 0.000E+00 5.862E+00 5.642E+00 
       6.300E-02 2.173E-01 1.120E-01 5.409E+00 0.000E+00 0.000E+00 5.738E+00 5.521E+00 
       6.350E-02 2.145E-01 1.120E-01 5.291E+00 0.000E+00 0.000E+00 5.617E+00 5.403E+00 
       6.400E-02 2.116E-01 1.120E-01 5.176E+00 0.000E+00 0.000E+00 5.500E+00 5.288E+00 
       6.450E-02 2.089E-01 1.121E-01 5.065E+00 0.000E+00 0.000E+00 5.386E+00 5.177E+00 
       6.500E-02 2.062E-01 1.121E-01 4.957E+00 0.000E+00 0.000E+00 5.275E+00 5.069E+00 
       6.550E-02 2.035E-01 1.121E-01 4.852E+00 0.000E+00 0.000E+00 5.167E+00 4.964E+00 
       6.600E-02 2.009E-01 1.121E-01 4.750E+00 0.000E+00 0.000E+00 5.063E+00 4.862E+00 
       6.650E-02 1.984E-01 1.122E-01 4.650E+00 0.000E+00 0.000E+00 4.961E+00 4.763E+00 
       6.700E-02 1.959E-01 1.122E-01 4.554E+00 0.000E+00 0.000E+00 4.862E+00 4.666E+00 
       6.742E-02 1.938E-01 1.122E-01 4.475E+00 0.000E+00 0.000E+00 4.781E+00 4.587E+00 
       6.742E-02 1.938E-01 1.122E-01 4.475E+00 0.000E+00 0.000E+00 4.781E+00 4.587E+00 
       6.750E-02 1.934E-01 1.122E-01 4.460E+00 0.000E+00 0.000E+00 4.766E+00 4.572E+00 
       6.800E-02 1.910E-01 1.122E-01 4.369E+00 0.000E+00 0.000E+00 4.672E+00 4.481E+00 
       6.850E-02 1.886E-01 1.122E-01 4.280E+00 0.000E+00 0.000E+00 4.581E+00 4.392E+00 
       6.900E-02 1.863E-01 1.122E-01 4.193E+00 0.000E+00 0.000E+00 4.492E+00 4.305E+00 
       6.950E-02 1.840E-01 1.122E-01 4.109E+00 0.000E+00 0.000E+00 4.405E+00 4.221E+00 
       7.000E-02 1.818E-01 1.122E-01 4.027E+00 0.000E+00 0.000E+00 4.321E+00 4.139E+00 
       7.050E-02 1.796E-01 1.122E-01 3.947E+00 0.000E+00 0.000E+00 4.239E+00 4.060E+00 
       7.100E-02 1.774E-01 1.122E-01 3.870E+00 0.000E+00 0.000E+00 4.159E+00 3.982E+00 
       7.150E-02 1.753E-01 1.122E-01 3.794E+00 0.000E+00 0.000E+00 4.082E+00 3.906E+00 
       7.200E-02 1.732E-01 1.122E-01 3.720E+00 0.000E+00 0.000E+00 4.006E+00 3.833E+00 
       7.250E-02 1.712E-01 1.122E-01 3.648E+00 0.000E+00 0.000E+00 3.932E+00 3.761E+00 
       7.300E-02 1.692E-01 1.122E-01 3.578E+00 0.000E+00 0.000E+00 3.860E+00 3.691E+00 
       7.350E-02 1.672E-01 1.122E-01 3.510E+00 0.000E+00 0.000E+00 3.790E+00 3.622E+00 
       7.400E-02 1.653E-01 1.122E-01 3.444E+00 0.000E+00 0.000E+00 3.721E+00 3.556E+00 
       7.450E-02 1.634E-01 1.122E-01 3.379E+00 0.000E+00 0.000E+00 3.655E+00 3.491E+00 
       7.500E-02 1.615E-01 1.122E-01 3.316E+00 0.000E+00 0.000E+00 3.589E+00 3.428E+00 
       7.550E-02 1.597E-01 1.122E-01 3.254E+00 0.000E+00 0.000E+00 3.526E+00 3.366E+00 
       7.600E-02 1.579E-01 1.122E-01 3.194E+00 0.000E+00 0.000E+00 3.464E+00 3.306E+00 
       7.650E-02 1.561E-01 1.122E-01 3.135E+00 0.000E+00 0.000E+00 3.404E+00 3.248E+00 
       7.700E-02 1.543E-01 1.121E-01 3.078E+00 0.000E+00 0.000E+00 3.345E+00 3.190E+00 
       7.750E-02 1.526E-01 1.121E-01 3.022E+00 0.000E+00 0.000E+00 3.287E+00 3.134E+00 
       7.800E-02 1.509E-01 1.121E-01 2.968E+00 0.000E+00 0.000E+00 3.231E+00 3.080E+00 
       7.850E-02 1.493E-01 1.121E-01 2.915E+00 0.000E+00 0.000E+00 3.176E+00 3.027E+00 
       7.900E-02 1.476E-01 1.121E-01 2.863E+00 0.000E+00 0.000E+00 3.122E+00 2.975E+00 
       7.950E-02 1.460E-01 1.120E-01 2.812E+00 0.000E+00 0.000E+00 3.070E+00 2.924E+00 
       8.000E-02 1.444E-01 1.120E-01 2.763E+00 0.000E+00 0.000E+00 3.019E+00 2.875E+00 
       8.050E-02 1.429E-01 1.120E-01 2.714E+00 0.000E+00 0.000E+00 2.969E+00 2.826E+00 
       8.100E-02 1.414E-01 1.120E-01 2.667E+00 0.000E+00 0.000E+00 2.920E+00 2.779E+00 
       8.150E-02 1.399E-01 1.119E-01 2.621E+00 0.000E+00 0.000E+00 2.873E+00 2.733E+00 
       8.200E-02 1.384E-01 1.119E-01 2.576E+00 0.000E+00 0.000E+00 2.826E+00 2.688E+00 
       8.250E-02 1.369E-01 1.119E-01 2.532E+00 0.000E+00 0.000E+00 2.780E+00 2.644E+00 
       8.300E-02 1.355E-01 1.118E-01 2.489E+00 0.000E+00 0.000E+00 2.736E+00 2.600E+00 
       8.350E-02 1.341E-01 1.118E-01 2.447E+00 0.000E+00 0.000E+00 2.692E+00 2.558E+00 
       8.400E-02 1.327E-01 1.118E-01 2.405E+00 0.000E+00 0.000E+00 2.650E+00 2.517E+00 
       8.450E-02 1.313E-01 1.117E-01 2.365E+00 0.000E+00 0.000E+00 2.608E+00 2.477E+00 
       8.500E-02 1.300E-01 1.117E-01 2.326E+00 0.000E+00 0.000E+00 2.568E+00 2.438E+00 
       8.550E-02 1.287E-01 1.117E-01 2.287E+00 0.000E+00 0.000E+00 2.528E+00 2.399E+00 
       8.600E-02 1.274E-01 1.116E-01 2.250E+00 0.000E+00 0.000E+00 2.489E+00 2.361E+00 
       8.650E-02 1.261E-01 1.116E-01 2.213E+00 0.000E+00 0.000E+00 2.451E+00 2.325E+00 
       8.700E-02 1.248E-01 1.115E-01 2.177E+00 0.000E+00 0.000E+00 2.413E+00 2.289E+00 
       8.750E-02 1.236E-01 1.115E-01 2.142E+00 0.000E+00 0.000E+00 2.377E+00 2.253E+00 
       8.800E-02 1.224E-01 1.115E-01 2.107E+00 0.000E+00 0.000E+00 2.341E+00 2.219E+00 
       8.850E-02 1.212E-01 1.114E-01 2.074E+00 0.000E+00 0.000E+00 2.306E+00 2.185E+00 
       8.900E-02 1.200E-01 1.114E-01 2.041E+00 0.000E+00 0.000E+00 2.272E+00 2.152E+00 
       8.950E-02 1.188E-01 1.113E-01 2.008E+00 0.000E+00 0.000E+00 2.238E+00 2.120E+00 
       9.000E-02 1.177E-01 1.113E-01 1.977E+00 0.000E+00 0.000E+00 2.206E+00 2.088E+00 
       9.050E-02 1.165E-01 1.113E-01 1.946E+00 0.000E+00 0.000E+00 2.174E+00 2.057E+00 
       9.100E-02 1.154E-01 1.112E-01 1.915E+00 0.000E+00 0.000E+00 2.142E+00 2.027E+00 
       9.150E-02 1.143E-01 1.112E-01 1.886E+00 0.000E+00 0.000E+00 2.111E+00 1.997E+00 
       9.200E-02 1.132E-01 1.111E-01 1.857E+00 0.000E+00 0.000E+00 2.081E+00 1.968E+00 
       9.250E-02 1.121E-01 1.111E-01 1.828E+00 0.000E+00 0.000E+00 2.051E+00 1.939E+00 
       9.300E-02 1.111E-01 1.110E-01 1.800E+00 0.000E+00 0.000E+00 2.022E+00 1.911E+00 
       9.350E-02 1.101E-01 1.110E-01 1.773E+00 0.000E+00 0.000E+00 1.994E+00 1.884E+00 
       9.400E-02 1.090E-01 1.109E-01 1.746E+00 0.000E+00 0.000E+00 1.966E+00 1.857E+00 
       9.450E-02 1.080E-01 1.109E-01 1.720E+00 0.000E+00 0.000E+00 1.939E+00 1.831E+00 
       9.500E-02 1.070E-01 1.108E-01 1.694E+00 0.000E+00 0.000E+00 1.912E+00 1.805E+00 
       9.550E-02 1.060E-01 1.108E-01 1.669E+00 0.000E+00 0.000E+00 1.886E+00 1.780E+00 
       9.600E-02 1.051E-01 1.107E-01 1.644E+00 0.000E+00 0.000E+00 1.860E+00 1.755E+00 
       9.650E-02 1.041E-01 1.107E-01 1.620E+00 0.000E+00 0.000E+00 1.835E+00 1.731E+00 
       9.700E-02 1.032E-01 1.106E-01 1.596E+00 0.000E+00 0.000E+00 1.810E+00 1.707E+00 
       9.750E-02 1.023E-01 1.106E-01 1.573E+00 0.000E+00 0.000E+00 1.786E+00 1.684E+00 
       9.800E-02 1.013E-01 1.105E-01 1.550E+00 0.000E+00 0.000E+00 1.762E+00 1.661E+00 
       9.850E-02 1.004E-01 1.105E-01 1.528E+00 0.000E+00 0.000E+00 1.739E+00 1.638E+00 
       9.900E-02 9.955E-02 1.104E-01 1.506E+00 0.000E+00 0.000E+00 1.716E+00 1.616E+00 
       9.950E-02 9.867E-02 1.104E-01 1.484E+00 0.000E+00 0.000E+00 1.693E+00 1.595E+00 
       1.000E-01 9.781E-02 1.103E-01 1.463E+00 0.000E+00 0.000E+00 1.671E+00 1.573E+00 
