 501 lines : Polyimide transmission from Henke
 2 columns : Photon Wavelength (nm), Transmission
   0.10000      0.99978    
   0.10093      0.99977    
   0.10186      0.99976    
   0.10280      0.99976    
   0.10375      0.99975    
   0.10471      0.99974    
   0.10568      0.99974    
   0.10666      0.99973    
   0.10765      0.99972    
   0.10864      0.99971    
   0.10965      0.99971    
   0.11066      0.99970    
   0.11169      0.99969    
   0.11272      0.99968    
   0.11376      0.99967    
   0.11482      0.99966    
   0.11588      0.99965    
   0.11695      0.99964    
   0.11803      0.99963    
   0.11912      0.99962    
   0.12023      0.99961    
   0.12134      0.99960    
   0.12246      0.99959    
   0.12359      0.99958    
   0.12474      0.99957    
   0.12589      0.99955    
   0.12706      0.99954    
   0.12823      0.99953    
   0.12942      0.99951    
   0.13062      0.99950    
   0.13183      0.99949    
   0.13305      0.99947    
   0.13428      0.99946    
   0.13552      0.99944    
   0.13677      0.99942    
   0.13804      0.99941    
   0.13932      0.99939    
   0.14060      0.99937    
   0.14191      0.99935    
   0.14322      0.99934    
   0.14454      0.99932    
   0.14588      0.99930    
   0.14723      0.99928    
   0.14859      0.99926    
   0.14997      0.99923    
   0.15136      0.99921    
   0.15276      0.99919    
   0.15417      0.99917    
   0.15560      0.99914    
   0.15704      0.99912    
   0.15849      0.99909    
   0.15996      0.99906    
   0.16144      0.99904    
   0.16293      0.99901    
   0.16444      0.99898    
   0.16596      0.99895    
   0.16749      0.99892    
   0.16904      0.99889    
   0.17061      0.99886    
   0.17219      0.99882    
   0.17378      0.99879    
   0.17539      0.99875    
   0.17701      0.99872    
   0.17865      0.99868    
   0.18030      0.99864    
   0.18197      0.99860    
   0.18365      0.99856    
   0.18535      0.99852    
   0.18707      0.99848    
   0.18880      0.99844    
   0.19055      0.99839    
   0.19231      0.99834    
   0.19409      0.99830    
   0.19588      0.99825    
   0.19770      0.99820    
   0.19953      0.99814    
   0.20137      0.99809    
   0.20324      0.99803    
   0.20512      0.99798    
   0.20701      0.99792    
   0.20893      0.99786    
   0.21086      0.99780    
   0.21281      0.99773    
   0.21478      0.99767    
   0.21677      0.99760    
   0.21878      0.99753    
   0.22080      0.99746    
   0.22284      0.99739    
   0.22491      0.99731    
   0.22699      0.99723    
   0.22909      0.99716    
   0.23121      0.99707    
   0.23335      0.99699    
   0.23550      0.99690    
   0.23768      0.99681    
   0.23988      0.99672    
   0.24210      0.99663    
   0.24434      0.99653    
   0.24660      0.99643    
   0.24889      0.99633    
   0.25119      0.99622    
   0.25351      0.99612    
   0.25586      0.99600    
   0.25823      0.99589    
   0.26062      0.99577    
   0.26303      0.99565    
   0.26546      0.99553    
   0.26792      0.99540    
   0.27040      0.99527    
   0.27290      0.99513    
   0.27542      0.99500    
   0.27797      0.99485    
   0.28054      0.99471    
   0.28314      0.99456    
   0.28576      0.99440    
   0.28840      0.99424    
   0.29107      0.99408    
   0.29376      0.99391    
   0.29648      0.99374    
   0.29923      0.99356    
   0.30200      0.99338    
   0.30479      0.99319    
   0.30761      0.99300    
   0.31046      0.99280    
   0.31333      0.99259    
   0.31623      0.99238    
   0.31915      0.99217    
   0.32211      0.99195    
   0.32509      0.99172    
   0.32810      0.99149    
   0.33113      0.99125    
   0.33420      0.99101    
   0.33729      0.99075    
   0.34041      0.99049    
   0.34356      0.99023    
   0.34674      0.98995    
   0.34995      0.98967    
   0.35318      0.98939    
   0.35645      0.98909    
   0.35975      0.98879    
   0.36308      0.98847    
   0.36644      0.98815    
   0.36983      0.98782    
   0.37325      0.98749    
   0.37670      0.98714    
   0.38019      0.98678    
   0.38371      0.98642    
   0.38726      0.98604    
   0.39084      0.98566    
   0.39446      0.98526    
   0.39811      0.98486    
   0.40179      0.98444    
   0.40551      0.98401    
   0.40926      0.98357    
   0.41305      0.98312    
   0.41687      0.98266    
   0.42073      0.98218    
   0.42462      0.98170    
   0.42855      0.98119    
   0.43251      0.98068    
   0.43652      0.98015    
   0.44055      0.97961    
   0.44463      0.97906    
   0.44875      0.97849    
   0.45290      0.97790    
   0.45709      0.97730    
   0.46132      0.97668    
   0.46559      0.97605    
   0.46989      0.97540    
   0.47424      0.97474    
   0.47863      0.97405    
   0.48306      0.97335    
   0.48753      0.97263    
   0.49204      0.97189    
   0.49659      0.97114    
   0.50119      0.97036    
   0.50582      0.96956    
   0.51051      0.96875    
   0.51523      0.96791    
   0.52000      0.96705    
   0.52481      0.96616    
   0.52966      0.96526    
   0.53456      0.96433    
   0.53951      0.96338    
   0.54450      0.96240    
   0.54954      0.96140    
   0.55463      0.96037    
   0.55976      0.95932    
   0.56494      0.95824    
   0.57016      0.95713    
   0.57544      0.95600    
   0.58076      0.95483    
   0.58614      0.95364    
   0.59156      0.95242    
   0.59704      0.95116    
   0.60256      0.94988    
   0.60814      0.94856    
   0.61376      0.94721    
   0.61944      0.94584    
   0.62517      0.94444    
   0.63096      0.94299    
   0.63680      0.94150    
   0.64269      0.93998    
   0.64863      0.93842    
   0.65464      0.93681    
   0.66069      0.93517    
   0.66681      0.93349    
   0.67298      0.93177    
   0.67920      0.93000    
   0.68549      0.92819    
   0.69183      0.92633    
   0.69823      0.92443    
   0.70469      0.92248    
   0.71121      0.92049    
   0.71779      0.91845    
   0.72444      0.91638    
   0.73114      0.91426    
   0.73790      0.91208    
   0.74473      0.90986    
   0.75162      0.90758    
   0.75858      0.90524    
   0.76560      0.90285    
   0.77268      0.90041    
   0.77983      0.89790    
   0.78705      0.89534    
   0.79433      0.89271    
   0.80168      0.89003    
   0.80910      0.88728    
   0.81658      0.88446    
   0.82414      0.88159    
   0.83176      0.87865    
   0.83946      0.87566    
   0.84723      0.87261    
   0.85507      0.86950    
   0.86298      0.86631    
   0.87096      0.86306    
   0.87902      0.85973    
   0.88716      0.85633    
   0.89536      0.85286    
   0.90365      0.84930    
   0.91201      0.84567    
   0.92045      0.84196    
   0.92897      0.83817    
   0.93756      0.83430    
   0.94624      0.83035    
   0.95499      0.82631    
   0.96383      0.82219    
   0.97275      0.81797    
   0.98175      0.81370    
   0.99083      0.80935    
    1.0000      0.80493    
    1.0093      0.80043    
    1.0186      0.79586    
    1.0280      0.79120    
    1.0375      0.78645    
    1.0471      0.78161    
    1.0568      0.77667    
    1.0666      0.77164    
    1.0765      0.76651    
    1.0864      0.76129    
    1.0965      0.75597    
    1.1066      0.75055    
    1.1169      0.74503    
    1.1272      0.73940    
    1.1376      0.73368    
    1.1482      0.72786    
    1.1588      0.72194    
    1.1695      0.71592    
    1.1803      0.70979    
    1.1912      0.70361    
    1.2023      0.69735    
    1.2134      0.69104    
    1.2246      0.68462    
    1.2359      0.67807    
    1.2474      0.67142    
    1.2589      0.66466    
    1.2706      0.65780    
    1.2823      0.65084    
    1.2942      0.64378    
    1.3062      0.63664    
    1.3183      0.62941    
    1.3305      0.62211    
    1.3428      0.61472    
    1.3552      0.60738    
    1.3677      0.59995    
    1.3804      0.59244    
    1.3932      0.58484    
    1.4060      0.57715    
    1.4191      0.56937    
    1.4322      0.56151    
    1.4454      0.55354    
    1.4588      0.54546    
    1.4723      0.53728    
    1.4859      0.52900    
    1.4997      0.52062    
    1.5136      0.51216    
    1.5276      0.50364    
    1.5417      0.49505    
    1.5560      0.48640    
    1.5704      0.47768    
    1.5849      0.46894    
    1.5996      0.46018    
    1.6144      0.45144    
    1.6293      0.44267    
    1.6444      0.43388    
    1.6596      0.42507    
    1.6749      0.41622    
    1.6904      0.40735    
    1.7061      0.39846    
    1.7219      0.38955    
    1.7378      0.38063    
    1.7539      0.37207    
    1.7701      0.36367    
    1.7865      0.35566    
    1.8030      0.34761    
    1.8197      0.33954    
    1.8365      0.33126    
    1.8535      0.32292    
    1.8707      0.31432    
    1.8880      0.30576    
    1.9055      0.29723    
    1.9231      0.28878    
    1.9409      0.28041    
    1.9588      0.27218    
    1.9770      0.26403    
    1.9953      0.25600    
    2.0137      0.24804    
    2.0324      0.24015    
    2.0512      0.23234    
    2.0701      0.22461    
    2.0893      0.21698    
    2.1086      0.20943    
    2.1281      0.20197    
    2.1478      0.19461    
    2.1677      0.18735    
    2.1878      0.18019    
    2.2080      0.17314    
    2.2284      0.16624    
    2.2491      0.15947    
    2.2699      0.15283    
    2.2909      0.26969    
    2.3121      0.26157    
    2.3335      0.25352    
    2.3550      0.24554    
    2.3768      0.23764    
    2.3988      0.22981    
    2.4210      0.22207    
    2.4434      0.21441    
    2.4660      0.20686    
    2.4889      0.19940    
    2.5119      0.19204    
    2.5351      0.18480    
    2.5586      0.17769    
    2.5823      0.17079    
    2.6062      0.16401    
    2.6303      0.15736    
    2.6546      0.15083    
    2.6792      0.14443    
    2.7040      0.13817    
    2.7290      0.13205    
    2.7542      0.12606    
    2.7797      0.12022    
    2.8054      0.11452    
    2.8314      0.10898    
    2.8576      0.10358    
    2.8840      0.98337E-01
    2.9107      0.93247E-01
    2.9376      0.88313E-01
    2.9648      0.83536E-01
    2.9923      0.78917E-01
    3.0200      0.74457E-01
    3.0479      0.96164E-01
    3.0761      0.91091E-01
    3.1046      0.86178E-01
    3.1333      0.81426E-01
    3.1623      0.76835E-01
    3.1915      0.72405E-01
    3.2211      0.68139E-01
    3.2509      0.64050E-01
    3.2810      0.60255E-01
    3.3113      0.56690E-01
    3.3420      0.53407E-01
    3.3729      0.50251E-01
    3.4041      0.47222E-01
    3.4356      0.44318E-01
    3.4674      0.41537E-01
    3.4995      0.38879E-01
    3.5318      0.36340E-01
    3.5645      0.33920E-01
    3.5975      0.31615E-01
    3.6308      0.29424E-01
    3.6644      0.27343E-01
    3.6983      0.25371E-01
    3.7325      0.23505E-01
    3.7670      0.21741E-01
    3.8019      0.20077E-01
    3.8371      0.18509E-01
    3.8726      0.17035E-01
    3.9084      0.15652E-01
    3.9446      0.14355E-01
    3.9811      0.13143E-01
    4.0179      0.12012E-01
    4.0551      0.10958E-01
    4.0926      0.99776E-02
    4.1305      0.90671E-02
    4.1687      0.82235E-02
    4.2073      0.74432E-02
    4.2462      0.67230E-02
    4.2855      0.60596E-02
    4.3251      0.54500E-02
    4.3652      0.67933    
    4.4055      0.67223    
    4.4463      0.66503    
    4.4875      0.65772    
    4.5290      0.65030    
    4.5709      0.64277    
    4.6132      0.63514    
    4.6559      0.62739    
    4.6989      0.61952    
    4.7424      0.61154    
    4.7863      0.60344    
    4.8306      0.59523    
    4.8753      0.58691    
    4.9204      0.57848    
    4.9659      0.56994    
    5.0119      0.56135    
    5.0582      0.55349    
    5.1051      0.54563    
    5.1523      0.53786    
    5.2000      0.52979    
    5.2481      0.52148    
    5.2966      0.51300    
    5.3456      0.50444    
    5.3951      0.49581    
    5.4450      0.48711    
    5.4954      0.47835    
    5.5463      0.46954    
    5.5976      0.46067    
    5.6494      0.45162    
    5.7016      0.44249    
    5.7544      0.43325    
    5.8076      0.42398    
    5.8614      0.41467    
    5.9156      0.40533    
    5.9704      0.39596    
    6.0256      0.38658    
    6.0814      0.37719    
    6.1376      0.36779    
    6.1944      0.35839    
    6.2517      0.34900    
    6.3096      0.33962    
    6.3680      0.33026    
    6.4269      0.32092    
    6.4863      0.31162    
    6.5464      0.30235    
    6.6069      0.29314    
    6.6681      0.28399    
    6.7298      0.27542    
    6.7920      0.26712    
    6.8549      0.25957    
    6.9183      0.25217    
    6.9823      0.24507    
    7.0469      0.23802    
    7.1121      0.23104    
    7.1779      0.22412    
    7.2444      0.21727    
    7.3114      0.21050    
    7.3790      0.20380    
    7.4473      0.19718    
    7.5162      0.19064    
    7.5858      0.18420    
    7.6560      0.17787    
    7.7268      0.17164    
    7.7983      0.16553    
    7.8705      0.15953    
    7.9433      0.15363    
    8.0168      0.14783    
    8.0910      0.14214    
    8.1658      0.13656    
    8.2414      0.13109    
    8.3176      0.12573    
    8.3946      0.12049    
    8.4723      0.11537    
    8.5507      0.11036    
    8.6298      0.10547    
    8.7096      0.10071    
    8.7902      0.96074E-01
    8.8716      0.91560E-01
    8.9536      0.87171E-01
    9.0365      0.82909E-01
    9.1201      0.78773E-01
    9.2045      0.74766E-01
    9.2897      0.70838E-01
    9.3756      0.67051E-01
    9.4624      0.63500E-01
    9.5499      0.60075E-01
    9.6383      0.56775E-01
    9.7275      0.53596E-01
    9.8175      0.50537E-01
    9.9083      0.47596E-01
    10.000      0.44773E-01
    